1 0.1455078125 0.8330078125 0.17578125 0.05078125
1 0.1435546875 0.7783203125 0.17578125 0.05078125
1 0.1455078125 0.72265625 0.17578125 0.05078125
1 0.14453125 0.6669921875 0.17578125 0.05078125
1 0.1416015625 0.6142578125 0.17578125 0.05078125
1 0.1474609375 0.55859375 0.17578125 0.05078125
1 0.1455078125 0.283203125 0.17578125 0.05078125
1 0.1484375 0.447265625 0.17578125 0.05078125
1 0.14453125 0.505859375 0.17578125 0.05078125
1 0.1455078125 0.337890625 0.17578125 0.05078125
1 0.1435546875 0.173828125 0.17578125 0.05078125
1 0.1455078125 0.2275390625 0.17578125 0.05078125
1 0.1455078125 0.3935546875 0.17578125 0.05078125
1 0.14453125 0.12109375 0.17578125 0.05078125
1 0.8759765625 0.833984375 0.17578125 0.05078125
1 0.8740234375 0.779296875 0.17578125 0.05078125
1 0.8759765625 0.7236328125 0.17578125 0.05078125
1 0.875 0.66796875 0.17578125 0.05078125
1 0.8759765625 0.6123046875 0.17578125 0.05078125
1 0.8779296875 0.5595703125 0.17578125 0.05078125
1 0.8779296875 0.50390625 0.17578125 0.05078125
1 0.87890625 0.4482421875 0.17578125 0.05078125
1 0.8779296875 0.392578125 0.17578125 0.05078125
1 0.8759765625 0.3388671875 0.17578125 0.05078125
1 0.8759765625 0.2841796875 0.17578125 0.05078125
1 0.8759765625 0.228515625 0.17578125 0.05078125
1 0.8759765625 0.1748046875 0.17578125 0.05078125
0 0.8583984375 0.130859375 0.14453125 0.068359375