1 0.1455078125 0.1669921875 0.17578125 0.05078125
1 0.1435546875 0.2216796875 0.17578125 0.05078125
1 0.1455078125 0.27734375 0.17578125 0.05078125
1 0.14453125 0.3330078125 0.17578125 0.05078125
1 0.1416015625 0.3857421875 0.17578125 0.05078125
1 0.1474609375 0.44140625 0.17578125 0.05078125
1 0.1455078125 0.716796875 0.17578125 0.05078125
1 0.1484375 0.552734375 0.17578125 0.05078125
1 0.14453125 0.494140625 0.17578125 0.05078125
1 0.1455078125 0.662109375 0.17578125 0.05078125
1 0.1435546875 0.826171875 0.17578125 0.05078125
1 0.1455078125 0.7724609375 0.17578125 0.05078125
1 0.1455078125 0.6064453125 0.17578125 0.05078125
1 0.14453125 0.87890625 0.17578125 0.05078125
1 0.8759765625 0.166015625 0.17578125 0.05078125
1 0.8740234375 0.220703125 0.17578125 0.05078125
1 0.8759765625 0.2763671875 0.17578125 0.05078125
1 0.875 0.33203125 0.17578125 0.05078125
1 0.8759765625 0.3876953125 0.17578125 0.05078125
1 0.8779296875 0.4404296875 0.17578125 0.05078125
1 0.8779296875 0.49609375 0.17578125 0.05078125
1 0.87890625 0.5517578125 0.17578125 0.05078125
1 0.8779296875 0.607421875 0.17578125 0.05078125
1 0.8759765625 0.6611328125 0.17578125 0.05078125
1 0.8759765625 0.7158203125 0.17578125 0.05078125
1 0.8759765625 0.771484375 0.17578125 0.05078125
1 0.8759765625 0.8251953125 0.17578125 0.05078125
0 0.8583984375 0.869140625 0.14453125 0.068359375